
####################################################
######### SIMPLE IMPLEMENTATION OF LeNet5  #########
<<<<<<< HEAD
x <- 25000
>>>>>>> 9e6fbf4ea9094b1192f2d329a7592a466c674f14


x <- x^2